0.483568 7.36613 86.558 0 0 -10 -0.00118563 0.993572 -0.113197
-53.7066 12.5397 53.355 0 0 -10 0.268418 0.963163 -0.016412
-27.0227 23.4469 -26.7879 0 0 -10 0.327452 0.859852 0.391702
15.534 25.6229 -46.4422 0 0 -10 -0.126164 0.893371 0.431244
5.56083 30.6716 -16.6289 0 0 -10 -0.526214 0.403545 0.748498
3.03403 3.35341 -14.3531 0 0 -10 -0.0740708 0.980271 0.183257
9.07935 4.74862 58.2278 0 0 -10 0.00957703 0.987688 -0.156144
31.6418 1.48521 47.3476 0 0 -10 0.197474 0.980271 -0.00858596
54.0516 8.61143 82.4909 0 0 -10 -0.119209 0.96363 -0.23918
83.3332 8.33675 63.2303 0 0 -10 -0.00322475 0.999986 -0.00412862
73.9995 7.45631 23.0958 0 0 -10 -0.0284792 0.99945 -0.0169819
49.8373 8.83104 -32.3667 0 0 -10 -0.0034023 0.999877 0.0153373
46.138 10.1735 -44.3286 0 0 -10 -0.000804801 0.999945 0.0104409
36.3666 -0.176154 25.3622 0 0 -10 0.00453064 0.999962 0.00745388
57.2267 2.24355 53.4127 0 0 -10 0.00599712 0.999848 0.0163937
